789250598268837889
789250631588544512
789250662521503744
789250695673315328
789250729001254912
789250761662271488
789250795262742529
789250829199048705
789250861801336833
789250893925511168
789250925856559104
789250958916136960
789250993942921216
789251025874083840
789251060359651328
789251092966150144
789251126893871105
789251160586715136
789251193176326144
789251226236051461
789251258536329218
789251291025379328
789251324059783168
789251357337227264
789251388924506112
789251421958967301
789251455811133441
789251488476454912
789251521863004161
789251554331152384
789251588305002496
789251620395769856
789251652888985600
789251684925001728
789251717753872384
789251751069282304
789251783763853313
789251816664039424
789251848754622468
789251882216779776
789251914907123712
789251945932419072
789251979381993476
789252012613459970
789252044532158464
789252078162046976
789252108134539264
789252141932093440
789252175578869761
789252209275834368
789252240489848832
789252273637425152
789252306306871297
789252338615803904
789252372371431424
789252406517399552
789252440243703808
789252472661430272
789252506736070656
789252540093177856
789252574612512768
789252608233992192
789252640332886016
789252672477995009
789252704472174593
789252737649160193
789252771719606274
789252804179136512
789252837352042496
789252868045889536
789252902179237889
789252985188524032
789253018856230913
789253052377116672
789253084249661445
789253115581116420
789253149068447744
789253182455021568
789253216307249152
789253249014521856
789253281969090560
789253315553034240
789253349384261636
789253380711391232
789253413615828992
789253448172732416
789253479328051201
789253510508404736
789253542561325056
789253575541227521
789253605974953984
789253639097331713
789253670726672384
789253703672926208
789253736682184705
789253768449814528
789253800397647872
789253833046257664
789253866349031424
789253899584614400
789253932077846532
789253965204422657
789253995911057408
789254031562735617
789254064370581504
789254096158982144
789254129994588162
789254162542305280
789254193882271744
789254226471890944
789254258965164033
789254291735195649
789254324790648832
789254357954867200
789254391266156545
789254424375984128
789254457200562178
789254488519348224
789254521608368128
789254554965512192
789254587425300480
789254620216307713
789254654660050944
789254686515798016
789254717893337088
789254752823447552
789254785211912192
789254819282378752
789254853495181312
789254885418135553
789254919098368000
789254951616729088
789254984198033409
789255016489951232
789255049264455680
789255082738987008
789255115861401600
789255148912730113
789255181644947456
789255215627182084
789255250259611653
789255282824183808
789255316991074304
789255348997660672
789255383013437440
789255415959789570
789255449715417088
789255480958943232
789255515268321280
789255547388203008
789255581567553536
789255615751139328
789255648097673216
789255681308143617
789255715194011648
789255748383408128
789255782860595200
789255815873953792
789255849093001216
789255882655854592
789255916214423552
789255949533913088
789255982236905472
789256016756027392
789256048523616257
789256082409467904
789256116760879104
789256150046965764
789256182913503237
789256215331155968
789256249451819008
789256282544889856
789256314920722432
789256350526124032
789256384093102080
789256416829722624
789256450723962881
789256483896717312
789256518474620928
789256552435752960
789256585432489988
789256618424799232
789256651681374208
789256684996694016
789256717368369154
789256751241572352
789256782950633473
789256817771634689
789256851485405184
789256887632003076
789256919768629248
789256951943364608
789256985967337473
789257019010101248
789257051654455296
789257086983020545
789257118180270080
789257150677692416
789257184634871808
789257217211965440
789257250867150848
789257284383674368
789257317896163328
789257352025403393
789257384048914432
789257417280204800
789257447609294849
789257482958929920
789257516425150464
789257551757971457
789257586164043777
789257619365957632
789257650395414529
789257684222521345
789257717663797248
789257751482556417
789257784776880128
789257816989011968
789257851646599173
789257885310132224
789257919325876224
789257951865368576
789257986384531456
789258020345622528
789258055221256192
789258088889085953
789258121466277888
789258154613682177
789258187211874304
789258220514648065
789258253645520896
789258286935773185
789258320125108224
789258354208100352
789258388404404228
789258421635719169
789258456226107392
789258488752988160
789258522500280320
789258556608352256
789258589743579136
789258622798671872
789258655438954496
789258687105806336
789258720282804224
789258754218876928
789258785839804416
789258819310391296
789258853728849920
789258885710446592
789258920086892544
789258953054126081
789258985207660545
789259017193263104
789259050106155008
789259080569192448
789259115658899456
789259147216838657
789259180209152000
789259212698349569
789259244973527040
789259277697363968
789259310450741248
789259343279460352
789259376708218880
789259410153443328
789259441241743360
789259474531934208
789259508384137216
789259541972037632
789259573924401153
789259608481300480
789259641284800512
789259674797350912
789259708083363841
789259741776191491
789259773606764545
789259805760323584
789259839323058176
789259872617402369
789259905714847744
789259937327247362
789259971833786368
789260003710427136
789260039320117248
789260073088319489
789260106621915136
789260140147007488
789260172346531840
789260205552832513
789260237727342593
789260271848042496
789260303833763840
789260334926336000
789260370871480320
789260403901657089
789260436591915010
789260468233777153
789261388300496901
789261419321491456
789261454385909760
789261486803660800
789261520018534400
789261553157582848
789261586745532416
789261621012987904
789261654647242752
789261687262056448
789261720049053697
789261752521273344
789261788676132865
789261821458788352
789261853650214912
789261888186003456
789261921425907712
789261953839484928
789261986781593600
789262020487110656
789262053697388544
789262087704809472
789262120496074752
789262152901111808
789262185620992000
789262217615204352
789262250850648064
789262284824510464
789262318391529472
789262352516395008
789262385676689409
789262418929221633
789262449857875968
789262484158963713
789262516018814976
789262548885344256
789262582729191424
789262615780454401
789262650265833472
789262682901901312
789262716636585984
789262749003948032
789262781639954432
789262815546650628
789262849440829440
789262881229410304
789262917678014464
789262950280237056
789262982924505088
789263016101634048
789263048565481473
789263082635812864
789263117524099072
789263149438472197
789263181159989248
789263214626287616
789263249577480192
789263283102552064
789263317118443520
789263349984862209
789263384239898624
789263417030742016
789263450723627008
789263482730393601
789263516632965120
789263550048903168
789263582173224961
789263616440668161
789263649491779584
789263684866408449
789263716210606085
789263749097992192
789263781104713728
789263814290120705
789263845743177728
789263876260925440
789263912088834048
789263945924247553
789263978211995649
789264011997114368
789264044813344769
789264078292213761
789264112471506944
789264147057967104
789264181044338692
789264213269028864
789264246697758721
789264278821888001
789264311545888768
789264343896580097
789264375739658244
789264409457635328
789264442043211779
789264477531144192
789264511223992320
789264546183675904
789264578475503616
789264611665178624
789264644405862400
789264678920687617
789264712269721600
789264743907201024
789264777692475392
789264810500247552
789264846403493888
789264879286902784
789264911335428096
789264946399805441
789264980197670913
789265012749701120
789265045985357824
789265077941657600
789265113001840642
789265147869167616
789265181113196544
789265215468756992
789265248758878208
789265280123809792
789265312579477504
789265347454996480
789265379990212608
789265413800599553
789265447174737920
789265480439599104
789265513218211841
789265547087126528
789265580868116480
789265613512290304
789265649449205761
789265681699209216
789265715211698177
789265748472451076
789265782609944576
789265817158516737
789265849471365120
789265884908969984
789265919751008256
789265954261889024
789265987761610756
789266019940302848
789266052928593920
789266085379837952
789266120926760960
789266153667518465
789266188924772352
789266221451673600
789266253550653440
789266286274502656
789266319157846016
789266355358838784
789266388040945664
789266421414961152
789266455296630788
789266489207644161
789266522107588609
789266555142111232
789266589199790081
789266621781020673
789266655251668993
789266689028259840
789266721794363393
789266754547556353
789266788060045313
789266822679793665
789266856636915713
789266889268535296
789266923028525056
789266955794472960
789266990951178240
789267024098844672
789267057015721985
789267090871955456
789267124346728449
789267156974178304
789267191736696832
789267224527855617
789267257968857088
789267291993153536
789267324750540800
789267359039193089
789267392434212868
789267425703362560
789267458720985089
789267490920620032
789267522998661120
789267556917846016
789267589574844418
789267623640985601
789267658311172096
789267693031583746
789267700879007745
789267758022135809
789267794571489280
789267827735879680
789267859947991040
789267894685151234
789267930638876672
789267965774487552
789267998548725760
789268079725379584
789268113611075584
789268148025524224
789268181705601024
789268216178675713
789268249011691520
789268283807637504
789268317051551744
789268350564233219
789268386010238976
789268420105760769
789268454574465024
789268487965331456
789268521222037504
789268553799077889
789268587873611777
789268620467593216
789268654131073024
789268688427847680
789268717985210368
789268755918434304
789268790475366401
789268824235311104
789268858930552833
789268892824772608
789268928052678657
789268963112783872
789268996067618817
789269029122740224
789269063440666624
789269099310374912
789269132499746817
789269166897426433
789269200179236864
789269234526326784
789269267455676416
789269302125801472
789269336930168832
789269372556546048
789269405590880256
789269440529653760
789269476285947904
789269510876454912
789269545810792450
789269581621710849
789269615352373248
789269649401708544
789269682796703744
789269716556779521
789269750320812032
789269785569669121
789269818050392064
789269853643374594
789269887445270530
789269920664039425
789269955686469637
789269988922318848
789270022585810945
789270056446427137
789270087765266432
789270123232301056
789270156320976896
789270190873796612
789270224621240320
789270256883687425
789270292698988544
789270325141839872
789270360017559552
789270393559277568
789270427667267584
789270462987661312
789270496684544000
789270531040305152
789270565550903296
789270599113777153
789270632198443008
789270668252704768
789270702088134661
789270736078798848
789270769394122752
789270802751426560
789270836368728064
789270870757875712
789270906694545408
789270940580388865
789270976362082305
789271011942248448
789271044460650496
789271078648578048
789271113406767104
789271146508095488
789271181496954880
789271215374467074
789271244160000000
789271283271868416
789271317992333313
789271353585262592
789271387038973952
789271422485102596
789271455800303617
789271491338612737
789271523899023360
789271557969473536
789271590978531328
789271624285642755
789271656703234048
789271690614374404
789271722117697536
789271745702133761
789271788396044288
789271821669498880
789271854825570304
789271888182861828
789271919854059520
789271953114816512
789271985838776320
789272018801856513
789272053421445120
789272086216712193
789272119897038848
789272153317335040
789272186821472257
789272219977265152
789272252986425344
789272284603162625
789272319394930688
789272353842790400
789272388928016385
789272422616793088
789272457345634304
789272490660859904
789272524093853696
789272556846985216
789272589470277632
789272624262242304
789272657057370112
789272691006136320
789272725025984512
789272758194544640
789272794848718848
789272827048423424
789272858862116864
789272892496228353
789272925153202176
789272960129523712
789272994480807937
789273027288662017
789273060947795968
789273094556938241
789273127515725824
789273161451839489
789273195312324609
789273228858580996
789273261049843713
789273295275393024
789273328150208512
789273361599832067
789273393891725313
789273427408334848
789273459515875329
789273490901917700
789273525135650816
789273559310831617
789273593100300292
789273628328112128
789273660926275584
789273693721624576
789273727313780736
789273759127449601
789273791977271296
789273825406021633
789273856502484992
789273890434473984
789273922516635649
789273953135005696
789273985724755968
789274018486640640
789274049461489665
789274081451397120
789274112304623616
789274145037033472
789274175257079808
789274207075065856
789274238267985920
789274270648139776
789274300700319744
789274329779273730
789274362339700737
789274392865939457
789274424319078400
789274455457533952
789274486117892096
789274517960953856
789274547728084992
789274577343873024
789274611019952129
789274640833097729
789274673657896961
789274703932301312
789274735729340416
789274765869461504
789274798723633152
789274828956168193
789274861294137344
789274891124023296
789274920186286080
789274955011674112
789274985185501185
789275017972297728
789275050394419200
789275080488394752
789275113225093126
789275142996107264
789275176466837505
789275206426644480
789275239737733120
789275272688246784
789275303298359296
789275336139759616
789275366691049472
789275399591047168
789275432558403584
789275462946082816
789275495015682048
789275525176971264
789275558295302144
789275638037417989
789275668106375168
789275700746477569
789275731922653184
789275763551809541
789275793595572224
789275826361659397
789275857873432576
789275889464778754
789275918799810560
789275952488456192
789275983446675456
789276015352741889
789276045643919361
789276076459626497
789276108671836160
789276143060914176
789276174853640193
789276204805140480
789276237399138304
789276267065380865
789276298086584320
789276329908637696
789276359713366016
789276390340165632
789276422472740864
789276452151660545
789276483219025920
789276515129262080
789276545017872384
789276573874597888
789276606514823168
789276636860583936
789276669613903872
789276699473039360
789276731303690240
789276758377803778
789276789193449472
789276818012372993
789276847116812288
789276878750281728
789276906797592576
789276938003185664
789276965110968320
789276994127003648
789277024217075712
789277050620129280
789277083755130880
789277114486972417
789277143486369792
789277173706137601
789277203439751168
789277232825065472
789277262235377664
789277292312694784
789277322264272896
789277353448833024
789277383081750529
789277412986990592
789277442422734848
789277471359143936
789277500044115968
789277526602420225
789277556038000640
789277584567701504
789277611033755648
789277639819145216
789277669703712768
789277700200472577
789277730957328384
789277759893704706
789277789673426944
789277819876564996
789277848032817153
789277875144830977
789277905754820608
789277934318084096
789277963460055040
789277991645786112
789278021437968384
789278051699941376
789278082125459458
789278111758024706
789278138907910144
789278168268075008
789278195744854016
789278226757529602
789278255840800768
789278285679120385
789278316805185536
789278347461296129
789278377056301058
789278405745254400
789278433041846272
789278459809849344
789278490692497408
789278520283238400
789278549131735040
789278578903048192
789278608271433728
789278639326171137
789278669034225664
789278699317112833
789278728924827648
789278758209396737
789278788911828992
789278818703998976
789278848357584897
789278878602846208
789278909783281664
789278939055173632
789278968646033408
789278997985263617
789279029580931072
789279060065038336
789279090461151232
789279122551955456
789279152629092352
789279184258371584
789279215665295360
789279248997580800
789279279595028480
789279310511153153
789279340873809921
789279367952080896
789279396079149057
789279425598746624
789279454849802241
789279484033830912
789279427255373824
789279529038712833
789279574043529216
789279597225385984
789279619883171841
789279661289275392
789279690259259392
789279720919724032
789279752431497217
789279782026485762
789279811445325824
789279840738213889
789279871000125441
789279901438189569
789279933361160192
789279963283324928
789279993440329729
789280025249972224
789280054467592192
789280083714248705
789280113493876736
789280143738966017
789280174923616256
789280206133551104
789280235371892736
789280264589488128
789280295472230400
789280328242302976
789280358793633792
789280389827325952
789280417572646912
789280446081359872
789280473696567296
789280503513972736
789280532366405633
789280551437860864
789280591560577024
789280620404846592
789280649811206145
789280679305572352
789280705997967361
789280735207317506
789280764043137024
789280793210212352
789280822520012801
789280851552968705
789280881999511552
789280911908941824
789280942984617984
789280972869029888
789281002703118336
789281032386310144
789281061784080384
789281091714592769
789281121557106689
789281154171973632
789281182542204928
789281209402683393
789281239102529536
789281267405746176
789281297034207233
789281326360891392
789281355003678720
789281384112066561
789281413572943872
789281442459226112
789281470171013120
789281498583236608
789281529025466368
789281557819166720
789281585770135557
789281614438203392
789281644117159936
789281673573642241
789281703269240834
789281733136949248
789281762060804096
789281792461185024
789281821821374464
789281853064810496
789281882244419584
789281913261400064
789281942688661505
789281973223223296
789282003313102848
789282034795573248
789282067104337920
789282096598528000
789282127103787008
789282156828889088
789282186910396416
789282217822265344
789282248243744768
789282279348633600
789282311850168320
789282342804127744
789282374097903616
789282404242329600
789282437067108352
789282467261865984
789282500216487936
789282529895337984
789282560819986432
789282591958380544
789282621956067328
789282652264292356
789282684015083520
789282714503503872
789282746505924608
789282777208348672
789282806568398848
789282837778292736
789282868304445440
789282899652595713
789282932066222080
789282961854128129
789282994334859266
789283024860876800
789283057949872128
789283087876104192
789283119694221312
789283204838531072
789283235578589184
789283267921018880
789283300078710784
789283330491576320
789283362288656384
789283394257506305
789283426549506048
789283456257630209
789283489250095104
789283520086585345
789283552546480128
789283578555338752
789283615024746496
789283645592829953
789283677477801984
789283708629057537
789283740899876864
789283770754969600
789283803961315333
789283834122555392
789283867156942848
789283898123493376
789283929945575424
789283959754530816
789283992520445952
789284023789088770
789284055539933184
789284086229700609
789284116814594050
789284148464746501
789284179733118976
789284211421163524
789284242601619456
789284274759409664
789284305004486656
789284336428195840
789284367617101824
789284399611129857
789284430028410881
789284460047073284
789284492364034052
789284523099893760
789284555807088640
789284588396904448
789284618872627200
789284652192305152
789284682139480064
789284715194908674
789284744563306496
789284776863686658
789284809172455424
789284840705183744
789284873135648768
789284903435272192
789284936524136448
789284968333660160
789285000927641600
789285033634922496
789285064580403200
789285095823773696
789285127104917505
789285159438782466
789285190648463360
789285223527841792
789285255861637126
789285286710697984
789285319522787329
789285351718170624
789285382093320192
789285415433928706
789285445645590528
789285477631324161
789285508635426816
789285541305053184
789285574020567040
789285604303466496
789285637392371712
789285667951960064
789285699862147072
789285733106274305
789285763569647616
789285793693130752
789285826735796224
789285856142123009
789285887188140032
789285918838517760
789285948760678400
789285980415135745
789286010454548480
789286044269178884
789286074078027776
789286106516815872
789286136287899649
789286168038871040
789286198791372800
789286230282436610
789286262486073344
789286295218458624
789286326373847041
789286358372216833
789286388273385473
789286418887553024
789286451708063744
789286481827340288
789286513234223104
789286544305631234
789286578032181248
789286609292320768
789286640523018240
789286673213513732
789286703940800513
789286736366931968
789286768679931905
789286799952654337
789286832739680257
789286863462805504
789286896446771200
789286928646418432
789286960833634304
789286992542654465
789287025388158976
789287056060981248
789287088755580929
789287119617421312
789287151628382208
789287181000945667
789287213687123968
789287245865857025
789287277751046144
789287311229919234
789287342418919427
789287374580748288
789287407074107393
789287437004513281
789287470168965120
789287501244538881
789287534169915392
789287566520360962
789287595008229376
789287630361985024
789287662389563393
789287693586878464
789287726604492800
789287756547489792
789287787354742784
789287823539048450
789287854438514689
789287887254745093
789287920670605312
789287952916635648
789287986382929920
789288017026543616
789288049679163392
789288082365255684
789288113159884801
789288145988755456
789288176250523648
789288208441888768
789288242319335424
789288272258277376
789288305720496129
789288338662359040
789288371789103104
789288401828614145
789288435311865862
789288468677550080
789288501334319104
789288531986350080
789288564907388929
789288598583422976
789288628535062530
789288661795811328
789288692619718656
789288724584538112
789288758285742080
789288789436985345
789288821884018688
789288854134018048
789288884408422400
789288917325479937
789288948942200832
789288980768587776
789289013731622912
789289044513529860
789289077203951616
789289107084054528
789289139355148288
789289170829062145
789289203251064832
789289235719327744
789289266794946560
789289299648786432
789289332989386753
789289365453303808
789289396801564672
789289428732682242
789289461884579840
789289492100288512
789289522756366336
789289555329478656
789289588132950016
789289619347177472
789289650653237248
789289684279054336
789289715509886976
789289748229713920
789289781213691904
789289813073592326
789289844803592193
789289874159341569
789289907814404097
789289940362334208
789289971953770497
789290004203778048
789290036009115649
789290067583873024
789290099838185472
789290131387715584
789290164140986368
789290197070520320
789290230167642112
789290263000682496
789290293686177797
789290327177854976
789290359993937921
789290393129119744
789290423344852993
789290456119070722
789290484405407744
789290519495008256
789290550025416704
789290582304706561
789290616039546880
789290645827391488
789290732536246273
789290764463464448
789290797178818561
789290829986791424
789290860047282177
789290893618446336
789290926539575297
789290959179743234
789290990272000001
789291022928916485
789291054122016768
789291086246281217
789291118961627137
789291150339211264
789291182291427328
789291216588378113
789291247722717184
789291279720951808
789291313090801664
789291345210781696
789291379008692225
789291410876956672
789291442149609472
789291475922280448
789291508834897921
789291540401229824
789291572877729792
789291605744349185
789291637952409600
789291669824864256
789291702380933120
789291735457247233
789291768969764864
789291799533740033
789291833771847680
789291866260930560
789291899282657280
789291930203004928
789291963098992640
789291996854816769
789292029159309312
789292062680178688
789292093525094401
789292128761442308
789292159740612609
789292192472915971
789292227222659072
789292259548155907
789292290854518785
789292323721142272
789292357334077440
789292389781368832
789292420382990336
789292454549782528
789292485927313408
789292520261976065
789292550246977536
789292584371785728
789292617062293504
789292648792285184
789292680513662976
789292713178836992
789292747131723776
789292780019482625
789292812424458240
789292844108296192
789292877155213312
789292910252621824
789292942749872128
789292974320463872
789293007820484608
789293039550287872
789293071095607296
789293103559561216
789293136740777986
789293168877379584
789293199386738688
789293234384211969
789293266738962433
789293300373159936
789293332992290820
789293364613042177
789293397722869760
789293429868158976
789293461136486401
789293493214511104
789293526282543104
789293557626445824
789293589960372225
789293623376424960
789293653277769730
789293686068645888
789293718733885440
789293750396850176
789293783619870720
789293816163373056
789293846945333248
789293882781540352
789293914293473280
789293948078477312
789293980844298240
789294013459275780
789294046552260608
789294077963403264
789294110502817792
789294144590008328
789294177083416576
789294210293768193
789294243097432064
789294275217412096
789294309300314112
789294341030240257
789294374949621764
789294407933566976
789294439260979201
789294471816974336
789294505056997376
789294537655087104
789294570970419202
789294604122193921
789294634967060481
789294667208597504
789294701316747268
789294734191759360
789294767058350080
789294799467655168
789294831289769984
789294865062526976
789294897572347904
789294929889681409
789294961753632768
789294995312435200
789295026509459456
789295059216830464
789295091210944513
789295124878544897
789295157308862467
789295191349944321
789295223125880834
789295256260845568
789295288997384192
789295322891743233
789295355938664448
789295387005845504
789295419473948673
789295453598785536
789295485534236672
789295518543380480
789295552198356992
789295586004656129
789295619193999364
789295651641176064
789295683278745600
789295716908863488
789295749263523840
789295780993634304
789295814686408704
789295846110011393
789295880373493760
789295912602435584
789295946098094081
789295979719593985
789296011688632320
789296045142474752
789296078768185345
789296110816735236
789296143620386816
789296176369692672
789296209756295168
789296241972613120
789296275485134848
789296309077409792
789296342308884480
789296375255011328
789296408381632512
789296441449713664
789296475075440640
789296506058661888
789296538803539969
789296572227948544
789296606478819328
789296639240396800
789296672790634496
789296706185605120
789296737823313920
789296770157256704
789296804336730117
789296837295534080
789296869721550848
789296903607451648
789296935169560576
789296969797603329
789297002689417217
789297035082018816
789297068338581505
789297101599547392
789297133644021760
789297167882186753
789297198408175616
789297231757242373
789297264032223234
789297297913819136
789297330822316032
789297359893200896
789297395335041025
789297414012342272
789297461298855936
789297493305495553
789297527895883776
789297561521840128
789297594396708864
789297628223836164
789297660108926976
789297691524263936
789297726743797760
789297759618727936
789297792996941824
789297826496937984
789297859946352641
789297892791943168
789297926602428416
789297959771004928
789297993577009152
789298024946208769
789298059196981249
789298091946020864
789298124875595776
789298158446776320
789298191908962304
789298274544947201
789298306522439680
789298339514683393
789298372242878464
789298405872836608
789298439536402432
789298472230936576
789298505818877953
789298538823897088
789298572311269377
789298604271775744
789298637104906240
789298670281908224
789298702271733760
789298736132481024
789298768155783168
789298800590524416
789298832420933632
789298866210349056
789298900247060484
789298932975276032
789298966651437056
789298999266254848
789299030375276544
789299062398816256
789299096859320320
789299129910525952
789299161392902144
789299193403756544
789299227612553216
789299261527646208
789299294125694976
789299326975479808
789299361964589057
789299394428403713
789299428368773120
789299461419769856
789299495074926592
789299528272908289
789299560136966144
789299593448087553
789299626583072769
789299655972716545
789299693415084032
789299726176821249
789299759886503936
789299793025638401
789299826785718272
789299858343469056
789299892988641280
789299926668718080
789299960139231233
789299992397840385
789300025859846145
789300058634059781
789300089650937856
789300125554270208
789300159003828224
789300192134692864
789300225756176384
789300258622681090
789300292688945153
789300327010951168
789300360330485760
789300394304253952
789300429091852292
789300461882994688
789300494833422336
789300528601636865
789300563875803136
789300597048549376
789300631383179265
789300663381393408
789300696776577024
789300728082800640
789300765768638464
789300799562219520
789300833863303168
789300867295948800
789300901265625088
789300935008849920
789300968319913984
789301003166154753
789301038654361600
789301072628162560
789301104995545089
789301144153649152
789301177859051520
789301211979739140
789301244867162112
789301278102982656
789301311506440196
789301344956022785
789301378594275328
789301413302206465
789301446663663617
789301480465530880
789301514707738624
789301549734334464
789301584295493632
789301617929490432
789301652083781632
789301688490262529
789301722569203712
789301757209751560
789301791552790529
789301824830320641
789301859215212544
789301894099378176
789301926684876800
789301961359110145
789301995815309315
789302028694499329
789302066665574400
789302099557232641
789302133686435840
789302167408705536
789302200195362816
789302234773200896
789302268902330369
789302304243585024
789302339635216384
789302373399134208
789302407117156352
789302444501135360
789302477380259840
789302511526117376
789302545017548804
789302581474496512
789302615544823808
789302647375310848
789302680589959168
789302714597539840
789302747891953664
789302781605654529
789302815344570368
789302848236453888
789302881199329280
789302916729430020
789302946999644160
789302985327202304
789303019598966784
789303054990503937
789303089735929856
789303124859187200
789303158937825284
789303193213800450
789303226055008256
789303262692249604
789303297140142080
789303330455613441
789303364920107009
789303398319333378
789303433740156929
789303468552916992
789303502707101696
789303535674482689
789303569941950464
789303603043438592
789303635410755584
789303670710083584
789303705745043456
789303740247310338
789303773365735425
789303806479724544
789303839518261249
789303871386640385
789303903741358080
789303934829551616
789303965720702977
789303997203177472
789304030329761792
789304062827257856
789304095903322112
789304127570391041
789304161527554048
789304193118932992
789304226157465600
789304259737026560
789304292180168704
789304324874698752
789304356940021760
789304389932462080
789304423713349632
789304457322500096
789304488561696769
789304523059712000
789304556702302209
789304592039284737
789304625295917056
789304658871197696
789304693935706112
789304728731746304
789304763334656000
789304795261612033
789304829004787712
789304863414816768
789304897892147200
789304930796437504
789304964875100160
789304998240722944
789305032210472962
789305064460460032
789305098946031616
789305131745611778
789305165518168065
789305199475191808
789305232664723456
789305266282037248
789305297462398976
789305333520801792
789305367561809920
789305401212825600
789305435299913729
789305468590194688
789305501016141824
789305533303971840
789305566522925056
789305600257646592
789305635737247744
789305670088597506
789305703781453825
789305740049649664
789305825001078784
789305859100770304
789305895633186816
789305930143916032
789305966164664321
789306000557813764
789306034208768001
789306069453504512
789306104480096256
789306137418067968
789306172889305088
789306205030277120
789306240467861504
789306272361263108
789306307404718080
789306341701586944
789306378053619712
789306411838824448
789306446253002752
789306481065598977
789306516264226816
789306549688610816
789306583281000449
789306617519042560
789306650859560960
789306684481077248
789306720099012608
789306752940453888
789306788814389248
789306823220137984
789306855453495296
789306892891881473
789306926341304320
789306961196003328
789306994410815488
789307028762079232
789307062966595584
789307096906862592
789307129555365889
789307165005578240
789307196584505344
789307231607160832
789307263232147456
789307298715996160
789307330471006208
789307367078920192
789307401153294336
789307436641509377
789307470724395010
789307506610757632
789307539603136513
789307575045017600
789307609912381440
789307644720746496
789307675502837760
789307712534228992
789307747166593025
789307780729597952
789307814292316160
789307848077348864
789307881468235776
789307915215708160
789307948128493568
789307980994973696
789308015061204992
789308048565268480
789308082140614656
789308115674030080
789308150268788736
789308186205515776
789308220409917443
789308254954352640
789308289301512192
789308323078213632
789308357362323457
789308392397340672
789308426199400448
789308461167288320
789308497594880000
789308531438653442
789308567258066944
789308601634529280
789308636438884352
789308669288550400
789308705414057984
789308738419109888
789308772602769408
789308807142924288
789308840437219328
789308875900084224
789308912063229956
789308945789775873
789308983404294146
789309017009029120
789309051196801024
789309087422947329
789309121367506945
789309156431769601
789309192280547330
789309226648637441
789309260895092737
789309297637396480
789309335499341824
789309369729032192
789309404076093443
789309441086816257
789309476084088832
789309510913581056
789309546799960064
789309580803207169
789309618442891264
789309653565964288
789309688269590528
789309722130276352
789309754694774785
789309788979159041
789309825498779648
789309860290686977
789309896726421504
789309931568541696
789309964712087552
789310001764380672
789310036535369728
789310072824496134
789310108442308608
789310141770321922
789310177572978689
789310213128122368
789310246879723520
789310281654669312
789310318069608448
789310352475369472
789310385241268224
789310422381948929
789310459014942720
789310496553988097
789310530489946112
789310567295123460
789310602204291072
789310638052904960
789310672857403392
789310707258957824
789310743334170626
789310778314747905
789310812322234368
789310846937681920
789310881918099456
789310920682078208
789310956106985472
789310992333307904
789311026026123264
789311062558412800
789311098746920960
789311133953892352
789311169228079104
789311205802258432
789311242686963712
789311263713046528
789311311314350080
789311347762823168
789311382650966016
789311419347066880
789311454075846656
789311488695631872
789311524796002304
789311557977026560
789311595482484737
789311631385821185
789311667679223808
789311702751862784
789311736042119168
789311774201749505
789311807710126080
789311844498362369
789311879046889472
789311914299928576
789311948965883904
789311987561992194
789312021414023168
789312054956027904
789312092037722112
789312126791716864
789312162602840064
789312199281942528
789312233608126464
789312268018315264
789312301480415232
789312335492030464
789312371999121409
789312409668235265
789312444128571392
789312480828796929
789312516245512192
789312551372877829
789312584734343168
789312620528558080
789312654762504197
789312689520644096
789312728724807681
789312764170776576
789312800212525056
789312837587959808
789312872769662976
789312909008523264
789312945482268672
789312981133852672
789313015669665792
789313051996463104
789313091087568896
789313126713860096
789313163032457216
789313200345014272
789313238122901504
789313275385085952
789313311573770241
789313396260737024
789313433556623360
789313472765038593
789313508232073216
789313542700892164
789313580004995072
789313615027441665
789313650687377408
789313687295299584
789313723232124929
789313760276152321
789313796934365184
789313832107716608
789313870225473538
789313906107875328
789313942229311488
789313980573454337
789314016715866112
789314051314556928
789314087784067072
789314122898866177
789314159083130880
789314194743046146
789314230205968384
789314265513689089
789314301475508224
789314338737623040
789314373453910017
789314410024099840
789314445029748740
789314481117593600
789314518123945984
789314553683193856
789314589267636224
789314624495624192
789314660730220546
789314696339976192
789314734164017152
789314773183635456
789314807824392192
789314843891240960
789314879190478848
789314914779144192
789314948950134784
789314986908659713
789315022308581381
789315057226174464
789315093796298752
789315132040089601
789315169444855810
789315206090330113
789315242975039488
789315280388263936
789315318225199104
789315352068886528
789315390216151040
789315429823090688
789315467370520576
789315503030345728
789315538577088512
789315573905850369
789315610362548224
789315647067029504
789315684333346818
789315719397646337
789315721813602304
789315793901260800
789315830915993600
789315869419659264
789315909370408960
789315946901110784
789315984049971200
789316022260133889
789316060860125184
789316098512609280
789316135321755648
789316169530429440
789316209070211072
789316246735028224
789316285339283457
789316323033620480
789316360060936192
789316398673596416
789316434967101440
789316472220680192
789316510116438016
789316548045381632
789316584754077700
789316621596778496
789316660545064960
789316698553876481
789316733794332672
789316770968416256
789316807362506753
789316845434044416
789316884797808640
789316923213295617
789316961024958464
789316998991863809
789317040641150976
789317079916609536
789317115299979264
789317152872411136
789317188155011072
789317226516013056
789317264944209920
789317303473168384
789317340915720193
789317380413325312
789317419021905920
789317458783899648
789317496193032192
789317536017817600
789317575318450176
789317611423043588
789317649968660485
789317689839849472
789317727819337728
789317765236658176
789317804797329408
789317840885063680
789317879875371008
789317917594628096
789317957004431361
789317996632154112
789318034968240128
789318072951709696
789318109446311936
789318148298313728
789318188525756416
789318225221722112
789318265382182912
789318308801675264
789318344843198464
789318383187525634
789318423599837184
789318461184802817
789318499638337536
789318539186434048
789318579023777794
789318616965447680
789318653598728192
789318692261752832
789318729771384832
789318765448159232
789318804534886401
789318840874332160
789318878560067584
789318919500795904
789318957941391361
789318999846912000
789319036509130752
789319075033776128
789319114363777024
789319154608156672
789319189810995200
789319233863872513
789319274930196482
789319314738405376
789319352625487872
789319389409443840
789319426810130432
789319465758363648
789319505096822784
789319545932566529
789319585312964609
789319623787237377
789319661263331328
789319700995977216
789319740279836673
789319777143492608
789319813910913024
789319850745143296
789319889693487105
789319930210418689
789319969012056064
789320010279768064
789320050716971008
789320090370146306
789320126197825540
789320165892644864
789320206132862976
789320244300877824
789320281575743488
789320318967910400
789320355118616577
789320392657645568
789320430435786752
789320471573622784
789320510576418816
789320548937588736
789320586367537152
789320625781219329
789320668181594112
789320709025562624
789320748141871105
789320786880364544
789320827439345664
789320864638447616
789320953884839936
789320995244871680
789321035841544192
789321076593438720
789321117743710208
789321156637503488
789321196844281856
789321238825099264
789321279316779008
789321321809346560
789321356844294144
789321396971184128
789321436800442368
789321478072307712
789321519520288768
789321559349485568
789321596741660672
789321635702595584
789321675296821248
789321717474856961
789321759384297472
789321800081559552
789321843043819520
789321884575956992
789321925197598720
789321967702794240
789322007984873472
789322049185583104
789322093561196550
789322135390998528
789322176964857858
789322219784577024
789322258175012864
789322304270598144
789322343952715776
789322384272601088
789322426869952512
789322470369075200
789322514329587712
789322558470430720
789322598513598464
789322639445635072
789322684056399872
789322726473277440
789322767518883840
789322810082471940
789322848049463296
789322888226693120
789322933193900032
789322975472455680
789323019097219072
789323063183769600
789323105097420800
789323145857601536
789323187544875009
789323229768724480
789323272387043330
789323314057601024
789323356357156864
789323401064247296
789323437814800384
789323478956511233
789323521470136320
789323563438370816
789323603497988096
789323643125850113
789323683709857792
789323724797284352
789323768548040704
789323811032215552
789323853872898048
789323893492383744
789323934487281664
789323977718018048
789324017954131968
789324061683974144
789324104750866433
789324146698248196
789324186812502016
789324228617134080
789324271671738368
789324313249783808
789324358015655936
789324399392415744
789324441708666881
789324486373801984
789324532456693760
789324575507156992
789324616158158848
789324655681077248
789324696785387520
789324740078874625
789324782248525825
789324823092686849
789324863991263232
789324904969691138
789324945750843392
789324986519388162
789325030882619392
789325073664487424
789325115733446657
789325158074941440
789325200508747776
789325241625481216
789325283954397184
789325326669185024
789325366481526784
789325404397940741
789325442201358340
789325485431980032
789325528616595456
789325568982462464
789325612468932608
789325653497688064
789325696665526276
789325742408667136
789325788046778368
789325834184040449
789325876613775360
789325920863682560
789325964631126016
789326003676078080
789326050786283520
789326092402208768
789326135775465472
789326176426876928
789326221104459776
789326263219478529
789326306244718592
789326351077478400
789326395306496000
789326439178907649
789326481855881217
789326523165712384
789326562084564992
789326603369144320
789326645475762176
789326685908770816
789326728036442112
789326769996259328
789326811553337344
789326855300083712
789326896748048388
789326939173560320
789326982911668224
789327025576218624
789327071893872641
789327115430821888
789327158862761984
789327205218279424
789327250147512320
789327295798448128
789327344846516224
789327386433036289
789327428065779712
789327469350363140
789327512383873024
789327560932851712
789327608710246401
789327651622322176
789327698199838720
789327742236057600
789327784967561217
789327834170871808
789327877875511296
789327916672909312
789327960457216000
789328001846513664
789328040631369728
789328077218209793
789328115533090817
789328154762571777
789328189134745600
789328227151912960
789328263122391041
789328299449262080
789328335595679744
789328373277351937
789328409771937793
789328493578297347
789328532056997888
789328570904698880
789328613057396736
789328650051084289
789328694015766528
789328735795159040
789328782087843841
789328827327578112
789328873766793217
789328916502708224
789328963172569089
789329009209335810
789329058085548032
789329104407453696
789329149500329984
789329195306520576
789329246426628096
789329293239283712
789329340819472384
789329387954933760
789329435191226368
789329482842673152
789329525251436544
789329572684849152
789329623750410240
789329662891614208
789329708202590208
789329753283043328
789329801014149121
789329847839432704
789329897802043392
789329945885601792
789329992211636224
789330041091993600
789330090895126528
789330141662937088
789330183878762496
789330231366737920
789330283648675840
789330333003091968
789330381631791104
789330423142768641
789330464745992192
789330514163355648
789330559935717376
789330608015089664
789330658401234948
789330708217131008
789330759106650112
789330804027555840
789330849703596032
789330895035441152
789330940313018368
789330988589387776
789331036618514432
789331087789006848
789331131204186112
789331183721148416
789331228180750336
789331276473958400
789331324444086272
789331375711281152
789331422334947328
789331469919522816
789331520406290432
789331566484918272
789331615423995904
789331663725600769
789331712685867008
789331757392859136
789331804025131008
789331852905426944
789331903597785088
789331951375249408
789332004571607040
789332055515537409
789332110972780544
789332161375539200
789332208762822656
789332252849164288
789332297673617408
789332345086029824
789332395577249792
789332449012641792
789332498039930880
789332545741651968
789332596433952768
789332648472608771
789332692991037444
789332743930818563
789332795382386688
789332845080829952
789332897396297728
789332942359322624
789332995178110976
789333046939955201
789333098223718400
789333148353957889
789333194566950913
789333241475903489
789333294525448192
789333345608097792
789333397084733440
789333445025624064
789333493511778304
789333541456785408
789333598868426752
789333649913110528
789333701104500736
789333752182808576
789333799674851328
789333845736914944
789333900963090434
789333947561934849
789333998078074882
789334049097560066
789334098972057601
789334144568352768
789334184850366464
789334227020025856
789334274809954304
789334324965363712
789334375552917504
789334426484412416
789334471270998016
789334515139260417
789334564141281280
789334611566268416
789334664276094980
789334709411180544
789334759000256512
789334809927614464
789334862780108800
789334915321954304
789334962893758465
789335006372098048
789335054656925696
789335105764335616
789335154825330688
789335201755308032
789335254037180417
789335308588363776
789335358668414976
789335410312785920
789335459440701440
789335510179205120
789335562058551297
789335612365139968
789335661417345024
789335713795801088
789335764828090368
789335817261084673
789335869551419392
789335917513347072
789335965147942913
789336062090891264
789336110258200576
789336165795131392
789336215715655680
789336271495766016
789336328081145856
789336378916110336
789336428849291264
789336475389222916
789336520872243200
789336575771500544
789336632788783104
789336678552838144
789336721804529664
789336769980407809
789336821993918464
789336865325187072
789336913610244096
789336963069321216
789337015858765824
789337070674161665
789337124285796352
789337177314455552
789337229386801152
789337275687702528
789337325717352448
789337374266232832
789337428788142080
789337476024238080
789337529988317184
789337581804584960
789337639111364608
789337693817888772
789337745596395522
789337798717247488
789337849237823488
789337905235947520
789337950198738944
789337998210891777
789338046428839936
789338095967539200
789338150329999360
789338202150572032
789338252561948674
789338303048941568
789338347877511168
789338397970145280
789338448553398272
789338496624275456
789338545005531136
789338600257130496
789338647992688640
789338701813907456
789338738602102784
789338791731302400
789338846949416960
789338905908617216
789338962976387075
789339014230896640
789339068324806657
789339130052259840
789339187090567168
789339243202113536
789339296893378560
789339344326701056
789339400186593280
789339456817868806
789339510416945153
789339564854751232
789339620697841664
789339682488381440
789339734090940417
789339791384940544
789339844896055296
789339901573541888
789339956409872385
789340005013463040
789340055915548672
789340111959908356
789340163751108609
789340219413635072
789340270290608128
789340330541875200
789340388163215360
789340447395155968
789340497730899969
789340551933984769
789340606711500800
789340668971757568
789340723644628992
789340731705929728
789340829420707840
789340886341677056
789340941299683328
789340994638458881
789341050066173952
789341110648774656
789341168006037504
789341222926061568
789341274193039360
789341332351307776
789341387707777025
789341445714944002
789341500354260992
789341560722915328
789341624262356992
789341686136791041
789341736342474753
789341787584290827
789341839480401920
789341899236610048
789341956509872128
789342005297950720
789342067117924352
789342123355103232
789342184248008704
789342243249270785
789342294390562816
789342355014856704
789342414905352192
789342475051798528
789342528650608641
789342590701342720
789342651573080064
789342705918672896
789342773203836928
789342835489112064
789342897195905024
789342958348701696
789343021116653569
789343084312010752
789343145653829632
789343210204229636
789343273328476160
789343330194690048
789343391653826560
789343452026863616
789343514484088837
789343618775461888
789343682172325888
789343750162001920
789343813164642304
789343877001916416
789343941120421888
789344004475420673
789344071806361600
789344138764296192
789344202509385728
789344265491079168
789344325520031744
789344389445267456
789344447829938177
789344505220726785
789344574309273600
789344640130572288
789344702986391552
789344755616407553
789344806594109440
789344864643063808
789344909312430080
789344955747610624
789344997380280321
789345034856308736
789345074081652736
789345116037214208
789345159469076480
789345204100751360
789345244869517313
789345286631989248
789345329183195136
789345367884042240
789345409709715460
789345464772681728
789345513191596032
789345562193690624
789345603402596352
789345648705404928
789345700370714625
789345757505720320
789345812148957184
789345867631366144
789345924577361920
789345987647135744
789346050716803072
789346109294387205
789346165095436289
789346231306694656
789346292514234368
789346357622419456
789346424563568640
789346488988016640
789346557443379200
789346620164845568
789346681083011072
789346743833866240
789346804517175296
789346869059223552
789346932678242304
789346993659318272
789347052660617216
789347120117604352
789347198391558144
789347268059140096
789347333179793408
789347398615048192
789347464365080576
789347528651059201
789347589686571008
789347652949291008
789347717860425729
789347779524960256
789347837704364033
789347907065507840
789347973234778112
789348029551644672
789348091287613441
789348153011085312
789348220480720897
789348283181174784
789348350197899264
789348420951560192
789348490849554432
789348547741126656
789348617039544320
789348686438490113
789348750451847168
789348809738420224
789348875588993024
789348944941715456
789349023979335680
789349094795927552
789349162647027712
789349233296044032
789349301755506688
789349369505984512
789349434693939200
789349506978607105
789349574276030465
789349633688559616
789349705402679300
789349780572954625
789349852320849920
789349917508657153
789349985066311681
789350057845850112
789350114833862656
789350191790825473
789350267993071617
789350344660619265
789350413728419840
789350488156303360
789350552429813760
789350619379224576
789350694482477056
789350770378321920
789350844672143360
789350916860370944
789350984833052672
789351050658484224
789351164491993088
789351235967213568
789351307874177025
789351373804494848
789351446936444928
789351514036903936
789351579879022592
789351658354450432
789351733139046401
789351806140755968
789351865431552000
789351930849918976
789352003663228928
789352074257379328
789352142884573184
789352213336514560
789352281254813696
789352350175596544
789352414830694400
789352484460335104
789352561266622464
789352630023663616
789352701389737984
789352773078835200
789352839839641600
789352909985157120
789352983876304897
789353046279020544
789353110179155968
789353177283829760
789353249136672768
789353319084937216
789353397363150848
789353472986677248
789353549444505603
789353625780785152
789353696954032128
789353764494991360
789353821562671104
789353897982689284
789353975363567616
789354041553846272
789354112060166144
789354175859724289
789354247062032384
789354316549263360
789354377878396928
789354447583469568
789354522313314304
789354593423659008
789354666282934272
789354745303490560
789354816623349761
789354891877625856
789354965139546112
789355043304726528
789355115736100864
789355191254605824
789355263518056448
789355324251656192
789355389171052544
789355470729478144
789355556611903488
789355624404353024
789355693635608577
789355761453244416
789355838741876736
789355912108515328
789355989527035904
789356067411128320
789356134121385988
789356201280536576
789356276048392192
789356347519299584
789356415156715521
789356488426921984
789356562322116608
789356629884010497
789356701275262976
789356778077106176
789356852240797696
789356917177090048
789356985825239040
789357063315025920
789357138976108544
789357216088231936
789357291153846272
789357367238406144
789357444451307520
789357521693773824
789357598134837248
789357671061139456
789357749104578560
789357827240275968
789357899013234688
789357977518149632
789358058052866048
789358141339086848
789358223258255361
789358301280632832
789358385066106880
789358462765441024
789358549310771200
789358665102946304
789358750322876416
789358831268564992
789358908796088320
789358992606781440
789359077725831168
789359147158499329
789359229173833728
789359308551094272
789359377417396224
789359457398616064
789359539732766721
789359620296941568
789359688378974208
789359763146539008
789359834483294208
789359911348174848
789359984068878336
789360068122832896
789360148456280064
789360229062283264
789360311752994816
789360378526306304
789360466287992832
789360560622239744
789360629878517760
789360702574112768
789360771209662465
789360849819500544
789360929028866048
789361002773032960
789361074902401025
789361154019778560
789361228485459968
789361307602472961
789361382756085760
789361458429788160
789361544668651520
789361626927464448
789361709647400960
789361800638767105
789361878720020481
789361956360716288
789362035096039424
789362124292296705
789362202385854464
789362285605105664
789362373312192512
789362455554109440
789362546297798656
789362629718315008
789362714288283648
789362798702780416
789362887584342018
789362950985375745
789363047831855104
789363132275699712
789363207336890368
789363291550130176
789363368117219328
789363443283419136
789363525428719616
789363610187288576
789363679267549184
789363766102286336
789363856476872704
789363942183362560
789364036521426944
789364124203360256
789364214913757184
789364311214784512
789364391053553664
789364469193404416
789364559454744576
789364640455069696
789364722223099904
789364817488261120
789364903144325122
789364990826471424
789365089581146112
789365175535009792
789365252982923266
789365338873868289
789365429349195777
789365522785669120
789365612107567104
789365708480245760
789365805242802176
789365898423496704
789365984574472192
789366084646342660
789366212702547970
789366313726701568
789366409625268224
789366501207838720
789366589007269889
789366679654375424
789366788299558912
789366891861139456
789366983733149696
789367083431710720
789367181905494016
789367282434658305
789367372410785793
789367470368882688
789367575868125184
789367675881271296
789367777899479040
789367890331832320
789367986918481920
789368086021275648
789368173703421953
789368264241676288
789368362744713216
789368453907873792
789368547554263041
789368637991874561
789368709957550080
789368814542524416
789368915193319424
789369007891558400
789369087537324032
789369183045693440
789369268110516224
789369354676731905
789369448230690816
789369550793940996
789369652468154368
789369741173489664
789369845838000128
789369943582187520
789370042521645056
789370153720872960
789370246939291648
789370334348713984
789370421867122688
789370509389656064
789370601655963648
789370693808971776
789370786754629633
789370895009734656
789370991621312512
789371078921555969
789371172345540608
789371258513219584
789371358518120448
789371451967057921
789371538021621760
789371634650079232
789371732318531585
789371818025095168
789371919304945664
789372001127325696
789372093704114176
789372175895629825
789372270347218944
789372367940292608
789372463406809089
789372550287589376
789372645045178368
789372724644679680
789372812079136771
789372911840813056
789372993365381120
789373077683638272
789373166791647232
789373237926825984
789373326552465408
789373416499470336
789373502893817856
789373607403282432
789373705344417792
789373837225885696
789373937134153728
789374025755656192
789374136300638208
789374226948120576
789374312675352576
789374414907400192
789374500550868992
789374594658344961
789374699033591808
789374798002466817
789374909042532352
789375016584540160
789375125275586560
789375221828427776
789375325906038784
789375437319188480
789375536732581888
789375631087771648
789375718920687616
789375810717134849
789375901662347264
789375985640546305
789376075939745792
789376176514936832
789376274678423552
789376382136496128
789376479461244928
789376570314096640
789376682993917952
789376787264352256
789376882626093056
789376974519046148
789377054294708225
789377150721855488
789377259547140096
789377364585172992
789377468796841984
789377543887581186
789377641421737984
789377726633218048
789377829582479360
789377941994020864
789378031383117825
789378130209275904
789378224006438912
789378324342644736
789378415597977601
789378519268679680
789378622444277760
789378719416655872
789378809220833280
789378916783951872
789379014456516608
789379101295542272
789379202311041024
789379314517020674
789379428052832256
789379524249079808
789379617178079232
789379719414292480
789379804264968192
789379900394221568
789379992442564608
789380088223535105
789380185435041792
789380275033677824
789380367392264194
789380474313420800
789380573294841856
789380669327618048
789380772020965376
789380869379153920
789380978565271556
789381074925199360
789381178813886465
789381263127814144
789381410553409536
789381519865356288
789381623313682432
789381728284479488
789381835201519616
789381943397785600
789382050151141376
789382169156128772
789382273925648384
789382377000755200
789382487956787201
789382602679463936
789382704634572800
789382803154620416
789382911275393024
789383016489431040
789383129014280193
789383241161510913
789383340801392642
789383470489362432
789383578484219904
789383663695704065
789383755668389888
789383831266611203
789383931820843008
789384023579594754
789384116382736384
789384230379753472
789384334096556032
789384435384717312
789384539416043520
789384646534369280
789384757473742849
789384850394320898
789384969739132932
789385055499980800
789385147917434880
789385257661243393
789385355652771842
789385471155539968
789385572276056064
789385677922308096
789385778140811265
789385869308276736
789385987231092736
789386092197793792
789386205259456512
789386292433825794
789386381407629312
789386474969935872
789386570713346049
789386672462888960
789386782915727360
789386894060560384
789387006124195840
789387110004367363
789387215189061632
789387302283808769
789387389596635136
789387490394157057
789387585411952640
789387674314387457
789387774206046208
789387854451400706
789387955223703552
789388040800079872
789388132026159104
789388219863273472
789388314184781825
789388414810398720
789388518539747330
789388617118392320
789388726048743425
789388858756431872
789388952176201728
789389064667398144
789389178379173888
789389276949602304
789389367856865280
789389471665889280
789389572383789056
789389667443486720
789389786519777280
789389895798099972
789389990962749441
789390087549091841
789390193010745344
789390305548120064
789390398271520768
789390505687732224
789390612025991168
789390731446214656
789390828162588672
789390926707777537
789391030810402818
789391120845287424
789391219889623040
789391324176789506
789391438798663680
789391556994183173
789391662053294080
789391772547895297
789391864608665601
789391973329186816
789392084448927744
789392189340004353
789392309007716352
789392419213029376
789392529791651841
789392629913952257
789392734800842753
789392845182414848
789392944830619649
789393061960749057
789393158958264321
789393258929545216
789393354668724224
789393457680752640
789393563393982464
789393659187691520
789393757799972865
789393859486756864
789393962280726528
789394073706651649
789394171870064640
789394268720799744
789394364329930752
789394465181962240
789394552415105024
789394626092212224
789394721298939904
789394824071741440
789394899250458624
789394990128435200
789395089973837824
789395175139270656
789395272887513088
789395366323990528
789395463698980864
789395566887247872
789395665977614336
789395783334318080
789395877076971521
789395977840885760
789396090046943232
789396195303055360
789396295102242816
789396408231002112
789396515173310464
789396616557891585
789396737081257984
789396842173767680
789396941411004416
789397052786520064
789397155777687552
789397257548238848
789397348124205056
789397435780960260
789397542362427392
789397643063549952
789397749749821440
789397854804508672
789397959955746817
789398064922583040
789398150792359936
789398249601773568
789398346632867840
789398438613954560
789398528913047553
789398634412412929
789398735038001152
789398837471305728
789398945050923008
789399046569930752
789399131944955904
789399222982438912
789399336929009665
789399430722052096
789399529556553731
789399627871113216
789399736537059332
789399845765124096
789399952946376704
789400057745289217
789400165186621440
789400267183706113
789400370837454848
789400471089799168
789400583262261248
789400675197161473
789400782919479298
789400879241703433
789400978323705856
789401082422104065
789401194397523968
789401314853658625
789401424660529152
789401528331214848
789401625286680576
789401711903281152
789401807361413120
789401893235662848
789401977889234944
789402065608986624
789402155576729600
789402238921826305
789402328239484928
789402414604357632
789402510150610944
789402595139792898
789402659753111552
789402736999620608
789402820596240385
789402899516272640
789402973969362947
789403063693955072
789403157331750912
789403245479288832
789403345966407680
789403434613022724
789403518524198913
789403614448005121
789403704889704449
789403798728912898
789403899937513474
789404015880581120
789404112940965888
789404197842071552
789404291073134592
789404386002821120
789404479674134529
789404569772044291
789404659379077121
789404758918336512
789404853978005504
789404952753864704
789405048203685888
789405149638766593
789405238750961664
789405330245464064
789405427725324288
789405530993242113
789405624673062912
789405720445714432
789405819641090048
789405903229288449
789405988017233920
789406086918832128
789406176135909376
789406249829883904
789406334995136512
789406437805920256
789406528579121153
789406633747107840
789406711018774528
789406791390023684
789406883782070272
789406969442422787
789407051927609350
789407142386081794
789407217237659648
789407308384043009
789407402315567104
789407478811287552
789407569701801985
789407654468734976
789407731899695104
789407822115024897
789407913819320320
789408001224433665
789408085093658624
789408169583783936
789408256745582592
789408337985056768
789408417735512064
789408497070854144
789408571964338176
789408659818151936
789408739665162241
789408809676525569
789408889204641792
789408955269206016
789409025758638080
789409100132081664
789409177072390148
789409251194056704
789409348078309376
789409428051075073
789409506220322817
789409595340918785
789409682163060737
789409755353579520
789409839134892036
789409921330667520
789409979413377024
789410050259292161
789410127136698368
789410208049233920
789410292677562368
789410376924487680
789410456184115200
789410535125037056
789410615936724992
789410699646603265
789410780953186304
789410874045796352
789410954110873600
789411029725745152
789411114702344194
789411051351650304
789411257333878785
789411341245124609
789411422354624512
789411531393859584
789411605163290624
789411679314509824
789411752110878720
789411820649852928
789411902468136960
789411980159295489
789412058399854592
789412126943285248
789412196384018432
789412262565904384
789412325316931584
789412405486903297
789412476232216576
789412548592406528
789412625511772160
789412710844739586
789412781560770560
789412860250030084
789412938025086976
789413008606769152
789413084616093696
789413159186509824
789413224697372672
789413292661846016
789413360622120961
789413433758277632
789413498711269377
789413571981475842
789413644178038784
789413712499204096
789413781302603776
789413849409609728
789413922499616768
789413988119547904
789414041860976640
789414110505017346
789414184471625728
789414255015723008
789414315962998784
789414382631395330
789414454643548160
789414516689768449
789414573162004480
789414643785732096
789414711561490432
789414760890499072
789414833393238016
789414913919680515
789414983436148736
789415064268713985
789415135827800070
789415212617048064
789415276102062080
789415345450840064
789415431895482368
789415506574925825
789415574967242752
789415649768538112
789415724502482944
789415795872804864
789415866630758400
789415934108786688
789415999271469056
789416070159499264
789416141550678016
789416210932699140
789416272618414080
789416337953071104
789416401370963968
789416472577736704
789416537186721793
789416605197344770
789416675435159552
789416741499797504
789416815864668160
789416881740320769
789416941890965504
789417017996677120
789417083738071040
789417149978804224
789417219323072512
789417286259965953
789417357303132161
789417408863674368
789417482725359616
789417547959590912
789417612664905728
789417686941839360
789417758735888384
789417829774733312
789417897005240320
789417958783143937
789418022825971712
789418096452898817
789418163532247040
789418227801567233
789418298353922049
789418365983006720
789418437319782401
789418509696507904
789418578349023232
789418649291485184
789418720921870336
789418794301071360
789418863268093952
789418949150580736
789419064863043584
789423904771207168
